<?xml version="1.0" encoding="UTF-8"?>
<kml xmlns="http://www.opengis.net/kml/2.2"><Document><name>Pinnacles</name><open>1</open>
<Style id="trailsstyle">
<LineStyle>
  <color>7f0000ff</color>
  <width>6</width>
  </LineStyle>
 </Style>
  <description>n/a</description>
<Placemark><styleUrl>#trailsstyle</styleUrl><name>Pinnacles: Segment (1)</name><LineString>
<tessellate>1</tessellate>
<coordinates>
-121.172987,36.494830,311.000000
-121.172987,36.494830,311.000000
-121.172994,36.494947,311.000000
-121.173020,36.495056,311.000000
-121.173047,36.495153,311.000000
-121.173105,36.495252,311.000000
-121.173149,36.495348,311.000000
-121.173171,36.495450,311.000000
-121.173211,36.495547,311.000000
-121.173210,36.495655,311.000000
-121.173210,36.495752,311.000000
-121.173215,36.495849,311.000000
-121.173247,36.495957,311.000000
-121.173275,36.496047,311.000000
-121.173351,36.496136,311.000000
-121.173401,36.496217,311.000000
-121.173455,36.496319,311.000000
-121.173547,36.496384,311.000000
-121.173554,36.496398,311.000000
-121.173512,36.496491,311.000000
-121.173515,36.496511,311.000000
-121.173564,36.496593,311.000000
-121.173633,36.496675,310.000000
-121.173689,36.496761,309.000000
-121.173768,36.496827,309.000000
-121.173861,36.496878,309.000000
-121.173966,36.496943,309.000000
-121.174059,36.497009,309.000000
-121.174164,36.497068,309.000000
-121.174173,36.497077,309.000000
-121.174266,36.497140,309.000000
-121.174382,36.497145,309.000000
-121.174501,36.497112,308.000000
-121.174622,36.497089,308.000000
-121.174715,36.497034,306.000000
-121.174773,36.496951,305.000000
-121.174792,36.496849,305.000000
-121.174851,36.496760,305.000000
-121.174968,36.496762,305.000000
-121.175027,36.496840,305.000000
-121.175120,36.496894,306.000000
-121.175236,36.496928,306.000000
-121.175312,36.496999,307.000000
-121.175314,36.497011,308.000000
-121.175367,36.497091,309.000000
-121.175461,36.497141,309.000000
-121.175511,36.497232,310.000000
-121.175611,36.497283,310.000000
-121.175724,36.497290,310.000000
-121.175815,36.497290,311.000000
-121.175932,36.497324,311.000000
-121.175935,36.497419,311.000000
-121.175958,36.497509,311.000000
-121.175962,36.497609,311.000000
-121.175990,36.497706,312.000000
-121.176017,36.497798,312.000000
-121.176079,36.497882,312.000000
-121.176116,36.497981,312.000000
-121.176149,36.498079,312.000000
-121.176215,36.498162,312.000000
-121.176285,36.498238,312.000000
-121.176363,36.498316,312.000000
-121.176411,36.498404,312.000000
-121.176427,36.498505,313.000000
-121.176483,36.498587,313.000000
-121.176554,36.498661,313.000000
-121.176594,36.498759,314.000000
-121.176600,36.498865,315.000000
-121.176574,36.498921,316.000000
-121.176541,36.499009,316.000000
-121.176533,36.499110,317.000000
-121.176540,36.499207,318.000000
-121.176524,36.499307,319.000000
-121.176554,36.499406,319.000000
-121.176597,36.499493,319.000000
-121.176726,36.499497,319.000000
-121.176840,36.499497,319.000000
-121.176938,36.499547,319.000000
-121.177044,36.499599,318.000000
-121.177142,36.499650,318.000000
-121.177224,36.499716,318.000000
-121.177331,36.499771,318.000000
-121.177422,36.499826,318.000000
-121.177556,36.499823,318.000000
-121.177574,36.499822,317.000000
-121.177690,36.499809,317.000000
-121.177816,36.499799,317.000000
-121.177920,36.499761,317.000000
-121.178032,36.499768,317.000000
-121.178148,36.499792,317.000000
-121.178266,36.499807,317.000000
-121.178380,36.499796,317.000000
-121.178492,36.499837,317.000000
-121.178523,36.499926,317.000000
-121.178565,36.500003,317.000000
-121.178610,36.500087,317.000000
-121.178620,36.500119,317.000000
-121.178698,36.500188,317.000000
-121.178706,36.500287,317.000000
-121.178707,36.500327,318.000000
-121.178752,36.500421,318.000000
-121.178837,36.500481,318.000000
-121.178946,36.500525,317.000000
-121.179050,36.500588,317.000000
-121.179123,36.500662,317.000000
-121.179214,36.500746,317.000000
-121.179312,36.500817,317.000000
-121.179362,36.500867,317.000000
-121.179450,36.500924,317.000000
-121.179561,36.500926,317.000000
-121.179651,36.501003,317.000000
-121.179741,36.501061,317.000000
-121.179862,36.501073,317.000000
-121.179977,36.501091,318.000000
-121.180092,36.501141,318.000000
-121.180132,36.501157,318.000000
-121.180219,36.501223,318.000000
-121.180348,36.501291,319.000000
-121.180450,36.501350,320.000000
-121.180563,36.501361,320.000000
-121.180640,36.501384,320.000000
-121.180768,36.501425,321.000000
-121.180880,36.501450,321.000000
-121.181005,36.501491,321.000000
-121.181082,36.501533,321.000000
-121.181201,36.501540,321.000000
-121.181298,36.501566,321.000000
-121.181400,36.501609,321.000000
-121.181497,36.501677,321.000000
-121.181608,36.501727,320.000000
-121.181728,36.501730,320.000000
-121.181834,36.501776,320.000000
-121.181956,36.501810,320.000000
-121.182067,36.501824,320.000000
-121.182130,36.501822,319.000000
-121.182244,36.501882,318.000000
-121.182363,36.501886,318.000000
-121.182482,36.501842,317.000000
-121.182597,36.501828,317.000000
-121.182666,36.501851,317.000000
-121.182780,36.501883,317.000000
-121.182824,36.501896,317.000000
-121.182880,36.501813,317.000000
-121.182988,36.501785,317.000000
-121.183096,36.501765,317.000000
-121.183228,36.501751,317.000000
-121.183344,36.501741,317.000000
-121.183458,36.501750,317.000000
-121.183583,36.501783,318.000000
-121.183705,36.501785,318.000000
-121.183781,36.501860,318.000000
-121.183889,36.501913,319.000000
-121.183999,36.501982,319.000000
-121.184073,36.502033,319.000000
-121.184181,36.502070,320.000000
-121.184271,36.502068,321.000000
-121.184338,36.502147,321.000000
-121.184450,36.502153,322.000000
-121.184481,36.502147,323.000000
-121.184602,36.502166,324.000000
-121.184729,36.502158,324.000000
-121.184852,36.502135,324.000000
-121.184961,36.502196,324.000000
-121.184990,36.502214,324.000000
-121.185110,36.502245,325.000000
-121.185207,36.502307,325.000000
-121.185262,36.502396,325.000000
-121.185334,36.502490,325.000000
-121.185356,36.502579,325.000000
-121.185339,36.502670,325.000000
-121.185374,36.502763,325.000000
-121.185436,36.502842,324.000000
-121.185433,36.502873,323.000000
-121.185491,36.502958,322.000000
-121.185570,36.503023,321.000000
-121.185642,36.503101,320.000000
-121.185732,36.503161,320.000000
-121.185830,36.503230,320.000000
-121.185908,36.503308,320.000000
-121.186003,36.503374,320.000000
-121.186106,36.503438,320.000000
-121.186198,36.503492,320.000000
-121.186300,36.503532,321.000000
-121.186400,36.503576,322.000000
-121.186463,36.503656,322.000000
-121.186498,36.503749,322.000000
-121.186563,36.503824,322.000000
-121.186662,36.503875,322.000000
-121.186779,36.503890,322.000000
-121.186834,36.503982,322.000000
-121.186866,36.504068,323.000000
-121.186945,36.504147,323.000000
-121.187014,36.504220,323.000000
-121.187104,36.504289,324.000000
-121.187126,36.504380,325.000000
-121.187206,36.504445,325.000000
-121.187285,36.504510,325.000000
-121.187374,36.504571,326.000000
-121.187458,36.504631,326.000000
-121.187576,36.504644,327.000000
-121.187688,36.504691,327.000000
-121.187762,36.504765,327.000000
-121.187878,36.504812,327.000000
-121.187987,36.504869,327.000000
-121.188098,36.504902,327.000000
-121.188211,36.504916,326.000000
-121.188314,36.504957,326.000000
-121.188394,36.505034,326.000000
-121.188444,36.505122,326.000000
-121.188450,36.505227,326.000000
-121.188481,36.505326,326.000000
-121.188551,36.505408,326.000000
-121.188611,36.505507,325.000000
-121.188715,36.505548,325.000000
-121.188828,36.505539,325.000000
-121.188947,36.505525,325.000000
-121.189076,36.505527,325.000000
-121.189109,36.505524,325.000000
-121.189225,36.505536,325.000000
-121.189348,36.505553,325.000000
-121.189438,36.505611,326.000000
-121.189539,36.505671,327.000000
-121.189636,36.505728,327.000000
-121.189761,36.505732,327.000000
-121.189879,36.505698,327.000000
-121.189982,36.505647,327.000000
-121.190084,36.505609,327.000000
-121.190191,36.505647,327.000000
-121.190289,36.505724,327.000000
-121.190346,36.505776,327.000000
-121.190469,36.505803,328.000000
-121.190568,36.505856,328.000000
-121.190664,36.505881,328.000000
-121.190776,36.505909,328.000000
-121.190892,36.505937,328.000000
-121.190965,36.505935,329.000000
-121.191072,36.505907,329.000000
-121.191099,36.505912,329.000000
-121.191212,36.505913,329.000000
-121.191330,36.505946,329.000000
-121.191441,36.505963,329.000000
-121.191518,36.505955,329.000000
-121.191644,36.505958,329.000000
-121.191754,36.505934,329.000000
-121.191852,36.505884,329.000000
-121.191874,36.505883,330.000000
-121.191987,36.505914,330.000000
-121.192087,36.505860,330.000000
-121.192129,36.505814,330.000000
-121.192227,36.505747,330.000000
-121.192255,36.505728,330.000000
-121.192283,36.505632,331.000000
-121.192275,36.505615,331.000000
-121.192314,36.505530,331.000000
-121.192361,36.505505,331.000000
-121.192442,36.505463,331.000000
-121.192522,36.505395,330.000000
-121.192629,36.505340,330.000000
-121.192683,36.505302,330.000000
-121.192791,36.505332,331.000000
-121.192922,36.505353,331.000000
-121.193045,36.505387,331.000000
-121.193160,36.505403,331.000000
-121.193170,36.505397,331.000000
-121.193281,36.505351,331.000000
-121.193366,36.505281,331.000000
-121.193466,36.505237,331.000000
-121.193570,36.505292,331.000000
-121.193683,36.505314,331.000000
-121.193793,36.505291,332.000000
-121.193898,36.505258,332.000000
-121.194018,36.505246,332.000000
-121.194130,36.505232,332.000000
-121.194248,36.505236,332.000000
-121.194301,36.505284,332.000000
-121.194406,36.505298,332.000000
-121.194519,36.505316,332.000000
-121.194630,36.505293,332.000000
-121.194748,36.505274,332.000000
-121.194868,36.505294,332.000000
-121.194990,36.505290,332.000000
-121.195088,36.505242,332.000000
-121.195153,36.505176,332.000000
-121.195223,36.505090,333.000000
-121.195242,36.505069,334.000000
-121.195354,36.505035,335.000000
-121.195485,36.505057,336.000000
-121.195597,36.505072,336.000000
-121.195701,36.505027,337.000000
-121.195820,36.505024,337.000000
-121.195904,36.505002,337.000000
-121.195901,36.504908,337.000000
-121.196014,36.504883,336.000000
-121.196029,36.504788,336.000000
-121.195917,36.504769,336.000000
-121.195792,36.504828,336.000000
-121.195686,36.504885,336.000000
-121.195620,36.504967,336.000000
-121.195540,36.505035,336.000000
-121.195465,36.505116,336.000000
-121.195726,36.505162,336.000000
-121.195758,36.505145,336.000000
-121.195860,36.505127,336.000000
-121.195929,36.505153,335.000000
-121.196021,36.505099,334.000000
-121.195946,36.505026,334.000000
-121.195906,36.505018,334.000000
-121.195794,36.505023,336.000000
-121.195930,36.504990,338.000000
-121.196042,36.504937,340.000000
-121.196118,36.504865,341.000000
-121.196234,36.504825,342.000000
-121.196215,36.504797,344.000000
-121.196116,36.504851,346.000000
-121.196098,36.504862,348.000000
-121.196038,36.504900,350.000000
-121.196340,36.504899,352.000000
-121.196459,36.504797,354.000000
-121.196578,36.504564,356.000000
-121.196628,36.504465,358.000000
-121.196668,36.504377,359.000000
-121.196796,36.504115,354.000000
-121.196895,36.504044,350.000000
-121.196957,36.503963,345.000000
-121.197033,36.503894,341.000000
-121.197128,36.503821,338.000000
-121.197207,36.503756,336.000000
-121.197286,36.503691,334.000000
-121.197392,36.503613,333.000000
-121.197504,36.503554,333.000000
-121.197622,36.503532,333.000000
-121.197756,36.503505,333.000000
-121.197856,36.503489,334.000000
-121.197969,36.503437,335.000000
-121.198088,36.503376,337.000000
-121.198202,36.503316,339.000000
-121.198279,36.503239,340.000000
-121.198392,36.503211,340.000000
-121.198524,36.503169,341.000000
-121.198603,36.503105,342.000000
-121.198710,36.503077,343.000000
-121.198822,36.503046,343.000000
-121.198902,36.502981,343.000000
-121.198971,36.502901,343.000000
-121.199062,36.502849,343.000000
-121.199162,36.502805,343.000000
-121.199176,36.502796,343.000000
-121.199263,36.502736,343.000000
-121.199280,36.502728,343.000000
-121.199335,36.502646,343.000000
-121.199417,36.502572,343.000000
-121.199533,36.502539,342.000000
-121.199640,36.502505,342.000000
-121.199732,36.502446,341.000000
-121.199756,36.502392,341.000000
-121.199870,36.502377,342.000000
-121.199983,36.502373,343.000000
-121.200067,36.502291,344.000000
-121.200172,36.502253,343.000000
-121.200235,36.502166,342.000000
-121.200275,36.502074,342.000000
-121.200298,36.501977,342.000000
-121.200314,36.501955,343.000000
-121.200367,36.501874,343.000000
-121.200409,36.501778,343.000000
-121.200427,36.501685,344.000000
-121.200370,36.501601,344.000000
-121.200338,36.501515,344.000000
-121.200478,36.501490,344.000000
-121.200628,36.501505,344.000000
-121.200743,36.501525,344.000000
-121.200737,36.501517,344.000000
-121.200660,36.501430,344.000000
-121.200611,36.501324,345.000000
-121.200590,36.501303,345.000000
-121.200688,36.501252,346.000000
-121.200799,36.501231,346.000000
-121.200837,36.501125,346.000000
-121.200872,36.501024,346.000000
-121.200843,36.500929,346.000000
-121.200867,36.500836,346.000000
-121.200930,36.500756,346.000000
-121.201012,36.500679,346.000000
-121.201076,36.500601,346.000000
-121.201187,36.500548,346.000000
-121.201322,36.500546,347.000000
-121.201439,36.500537,347.000000
-121.201533,36.500483,347.000000
-121.201623,36.500423,348.000000
-121.202418,36.499170,349.000000
-121.202397,36.499169,350.000000
-121.202283,36.499148,350.000000
-121.202170,36.499116,351.000000
-121.202114,36.499031,351.000000
-121.202190,36.498953,351.000000
-121.202286,36.498903,351.000000
-121.202388,36.498848,352.000000
-121.202506,36.498796,352.000000
-121.202627,36.498759,352.000000
-121.202610,36.498655,353.000000
-121.202683,36.498574,353.000000
-121.202791,36.498519,353.000000
-121.202764,36.498418,354.000000
-121.202804,36.498333,354.000000
-121.202840,36.498243,354.000000
-121.202949,36.498182,355.000000
-121.202957,36.498075,356.000000
-121.202952,36.497971,356.000000
-121.203033,36.497894,357.000000
-121.203108,36.497814,358.000000
-121.203194,36.497754,359.000000
-121.203311,36.497770,359.000000
-121.203408,36.497817,360.000000
-121.203519,36.497830,361.000000
-121.203590,36.497900,362.000000
-121.203566,36.497991,363.000000
-121.203467,36.498039,364.000000
-121.203509,36.498138,365.000000
-121.203547,36.498259,366.000000
-121.203568,36.498316,373.000000
-121.203624,36.498407,380.000000
-121.203648,36.498439,385.000000
-121.203688,36.498533,389.000000
-121.203713,36.498555,392.000000
-121.203795,36.498625,394.000000
-121.203881,36.498682,395.000000
-121.203943,36.498758,396.000000
-121.203827,36.498709,398.000000
-121.203711,36.498780,400.000000
-121.203635,36.498846,402.000000
-121.203510,36.498822,403.000000
-121.203393,36.498768,404.000000
-121.203258,36.498677,405.000000
-121.203163,36.498565,406.000000
-121.203127,36.498461,407.000000
-121.203151,36.498372,408.000000
-121.203269,36.498382,409.000000
-121.203420,36.498418,409.000000
-121.203535,36.498449,410.000000
-121.203661,36.498480,410.000000
-121.203779,36.498530,411.000000
-121.203886,36.498487,412.000000
-121.204003,36.498488,413.000000
-121.204119,36.498524,414.000000
-121.204186,36.498599,415.000000
-121.204299,36.498655,416.000000
-121.204281,36.498835,417.000000
-121.204219,36.498947,418.000000
-121.204322,36.498996,419.000000
-121.204353,36.499102,419.000000
-121.204410,36.499191,419.000000
-121.204461,36.499260,422.000000
-121.204471,36.499238,424.000000
-121.204500,36.499192,424.000000
-121.204397,36.499232,423.000000
-121.204513,36.499243,422.000000
-121.204623,36.499317,421.000000
-121.204638,36.499427,421.000000
-121.204594,36.499471,421.000000
-121.204581,36.499484,422.000000
-121.204462,36.499470,422.000000
-121.204336,36.499477,422.000000
-121.204221,36.499458,422.000000
-121.204143,36.499375,423.000000
-121.204046,36.499305,424.000000
-121.204043,36.499260,425.000000
-121.203954,36.499198,427.000000
-121.203883,36.499213,429.000000
-121.203767,36.499231,430.000000
-121.203679,36.499289,431.000000
-121.203676,36.499310,432.000000
-121.203648,36.499217,433.000000
-121.203555,36.499140,433.000000
-121.203624,36.499215,433.000000
-121.203527,36.499261,432.000000
-121.203568,36.499184,431.000000
-121.203472,36.499288,431.000000
-121.203252,36.499512,432.000000
-121.203272,36.499608,432.000000
-121.203243,36.499705,434.000000
-121.203222,36.499795,435.000000
-121.203212,36.499847,436.000000
-121.203172,36.499936,436.000000
-121.203037,36.499941,437.000000
-121.202930,36.499912,437.000000
-121.202812,36.499886,438.000000
-121.202765,36.499860,438.000000
-121.202655,36.499811,438.000000
-121.202542,36.499838,438.000000
-121.202467,36.499916,437.000000
-121.202388,36.499983,437.000000
-121.202293,36.500043,437.000000
-121.202234,36.500126,437.000000
-121.202195,36.500222,436.000000
-121.202129,36.500298,435.000000
-121.202068,36.500378,433.000000
-121.202010,36.500458,433.000000
-121.202010,36.500552,433.000000
-121.202080,36.500626,432.000000
-121.202090,36.500722,430.000000
-121.202106,36.500813,428.000000
-121.202074,36.500902,427.000000
-121.201982,36.500971,425.000000
-121.201872,36.500989,423.000000
-121.201920,36.501074,421.000000
-121.201939,36.501106,420.000000
-121.202017,36.501172,419.000000
-121.202140,36.501201,418.000000
-121.202173,36.501303,417.000000
-121.202087,36.501395,417.000000
-121.202033,36.501415,417.000000
-121.201923,36.501435,416.000000
-121.201849,36.501509,416.000000
-121.201830,36.501579,416.000000
-121.201771,36.501655,416.000000
-121.201718,36.501701,416.000000
-121.201613,36.501732,415.000000
-121.201510,36.501696,414.000000
-121.201436,36.501772,412.000000
-121.201321,36.501765,411.000000
-121.201247,36.501843,410.000000
-121.201137,36.501796,409.000000
-121.201083,36.501715,409.000000
-121.201029,36.501633,408.000000
-121.201118,36.501693,408.000000
-121.201214,36.501751,406.000000
-121.201332,36.501769,404.000000
-121.201330,36.501773,403.000000
-121.201265,36.501768,402.000000
-121.201161,36.501713,401.000000
-121.201145,36.501707,401.000000
-121.200270,36.501933,401.000000
-121.200246,36.501895,401.000000
-121.199932,36.502225,401.000000
-121.200078,36.502408,401.000000
-121.200352,36.502332,401.000000
-121.200556,36.502226,401.000000
-121.200706,36.502182,401.000000
-121.200870,36.502115,401.000000
-121.201452,36.501527,401.000000
-121.201180,36.501594,401.000000
-121.201190,36.501649,401.000000
-121.201244,36.501701,401.000000
-121.201178,36.501859,401.000000
-121.201152,36.501946,400.000000
-121.201137,36.501773,400.000000
-121.201193,36.501653,400.000000
-121.201167,36.501698,400.000000
-121.201279,36.502230,400.000000
-121.201571,36.501640,400.000000
-121.201435,36.501551,400.000000
-121.201568,36.501652,400.000000
-121.201573,36.501774,400.000000
-121.201516,36.501458,400.000000
-121.201313,36.501582,399.000000
-121.201161,36.501847,399.000000
-121.201132,36.501712,399.000000
-121.201200,36.501781,399.000000
-121.201228,36.502049,399.000000
-121.201058,36.502096,399.000000
-121.201292,36.502021,399.000000
-121.201399,36.502138,399.000000
-121.201304,36.501864,399.000000
-121.201307,36.501803,399.000000
-121.201374,36.501915,399.000000
-121.201591,36.501840,399.000000
-121.201505,36.501724,399.000000
-121.201517,36.501840,399.000000
-121.201565,36.501750,399.000000
-121.201773,36.501717,399.000000
-121.201729,36.501838,399.000000
-121.201759,36.501899,399.000000
-121.201789,36.501757,399.000000
-121.201698,36.501836,399.000000
-121.201761,36.501733,400.000000
-121.201746,36.501839,400.000000
-121.201814,36.501777,399.000000
-121.201788,36.501689,398.000000
-121.201590,36.501650,398.000000
-121.201817,36.501872,398.000000
-121.201610,36.501812,398.000000
-121.201846,36.501875,398.000000
-121.201799,36.501699,398.000000
-121.201908,36.501635,399.000000
-121.201948,36.501492,400.000000
-121.201829,36.501468,400.000000
-121.201896,36.501353,400.000000
-121.201767,36.501422,400.000000
-121.201897,36.501438,400.000000
-121.202058,36.501519,400.000000
-121.202068,36.501808,400.000000
-121.201866,36.501626,400.000000
-121.201909,36.501505,400.000000
-121.201948,36.501488,400.000000
-121.201855,36.501258,399.000000
-121.201864,36.501390,398.000000
-121.202008,36.501479,398.000000
-121.202144,36.501325,399.000000
-121.202358,36.501531,399.000000
-121.202353,36.501122,399.000000
-121.201874,36.500548,399.000000
-121.201770,36.500423,399.000000
-121.201884,36.501135,399.000000
-121.202036,36.501048,399.000000
-121.202108,36.501205,399.000000
-121.202235,36.501068,399.000000
-121.202113,36.500946,399.000000
-121.202196,36.501078,399.000000
-121.202276,36.501222,399.000000
-121.202056,36.501169,399.000000
-121.202093,36.501279,399.000000
-121.202147,36.500990,399.000000
-121.202048,36.501058,399.000000
-121.202074,36.500959,399.000000
-121.202343,36.501211,399.000000
-121.202423,36.501115,399.000000
-121.202296,36.501229,399.000000
-121.202477,36.501273,399.000000
-121.202093,36.500916,399.000000
-121.201919,36.500912,399.000000
-121.201889,36.500803,399.000000
-121.201906,36.501053,399.000000
-121.202113,36.501224,399.000000
-121.201974,36.500973,400.000000
-121.202124,36.500813,399.000000
-121.201847,36.500621,398.000000
-121.201998,36.500640,397.000000
-121.202171,36.500668,396.000000
-121.202041,36.500645,396.000000
-121.201903,36.501131,397.000000
-121.201834,36.501495,398.000000
-121.201852,36.501372,398.000000
-121.202040,36.501210,398.000000
-121.202294,36.501384,398.000000
-121.202124,36.501327,398.000000
-121.202211,36.501130,398.000000
-121.202294,36.500941,398.000000
-121.202061,36.501057,399.000000
-121.201876,36.501101,401.000000
-121.202013,36.501038,402.000000
-121.201882,36.501099,403.000000
-121.201882,36.501102,404.000000
-121.202278,36.501000,399.000000
-121.202038,36.501072,403.000000
-121.201954,36.501009,410.000000
-121.201954,36.501009,415.000000
-121.201989,36.500900,416.000000
-121.202079,36.500837,416.000000
-121.202155,36.500758,416.000000
-121.202135,36.500665,416.000000
-121.202081,36.500584,416.000000
-121.202011,36.500508,416.000000
-121.201958,36.500419,417.000000
-121.201936,36.500329,417.000000
-121.201971,36.500238,417.000000
-121.202087,36.500213,417.000000
-121.202201,36.500227,417.000000
-121.202304,36.500171,417.000000
-121.202356,36.500086,418.000000
-121.202434,36.500020,420.000000
-121.202525,36.499951,424.000000
-121.202636,36.499934,427.000000
-121.202776,36.499942,429.000000
-121.202892,36.499943,430.000000
-121.203011,36.499953,431.000000
-121.203122,36.499990,431.000000
-121.203211,36.500058,430.000000
-121.203327,36.500054,429.000000
-121.203376,36.499963,429.000000
-121.203436,36.499879,429.000000
-121.203556,36.499848,430.000000
-121.203671,36.499840,431.000000
-121.203776,36.499805,431.000000
-121.203660,36.499720,432.000000
-121.203609,36.499631,433.000000
-121.203596,36.499526,432.000000
-121.203611,36.499424,431.000000
-121.203603,36.499332,431.000000
-121.203687,36.499270,431.000000
-121.203796,36.499249,431.000000
-121.203905,36.499221,431.000000
-121.204017,36.499229,432.000000
-121.204083,36.499308,433.000000
-121.204157,36.499387,435.000000
-121.204254,36.499433,436.000000
-121.204321,36.499416,436.000000
-121.204350,36.499373,436.000000
-121.204474,36.499427,435.000000
-121.204537,36.499458,434.000000
-121.204645,36.499401,433.000000
-121.204623,36.499290,431.000000
-121.204578,36.499261,430.000000
-121.204468,36.499225,429.000000
-121.204411,36.499190,429.000000
-121.204379,36.499098,427.000000
-121.204307,36.499024,427.000000
-121.204239,36.498946,427.000000
-121.204269,36.498856,427.000000
-121.204272,36.498761,427.000000
-121.204239,36.498670,425.000000
-121.204270,36.498579,423.000000
-121.204152,36.498600,424.000000
-121.204047,36.498638,424.000000
-121.203959,36.498568,424.000000
-121.203881,36.498487,423.000000
-121.203814,36.498413,422.000000
-121.203758,36.498324,420.000000
-121.203718,36.498237,419.000000
-121.203740,36.498327,417.000000
-121.203746,36.498332,416.000000
-121.203746,36.498332,415.000000
-121.203816,36.498098,415.000000
-121.203902,36.497993,414.000000
-121.203991,36.497895,415.000000
-121.204008,36.497799,418.000000
-121.204088,36.497454,424.000000
-121.204154,36.497330,429.000000
-121.204158,36.497173,435.000000
-121.204132,36.497077,442.000000
-121.204127,36.496969,449.000000
-121.204151,36.496881,454.000000
-121.204173,36.496783,458.000000
-121.204196,36.496682,461.000000
-121.204213,36.496553,462.000000
-121.204197,36.496394,462.000000
-121.204186,36.496297,461.000000
-121.204202,36.496177,459.000000
-121.204217,36.496067,457.000000
-121.204192,36.495796,454.000000
-121.204204,36.495701,450.000000
-121.204193,36.495588,445.000000
-121.204162,36.495509,442.000000
-121.204287,36.495533,439.000000
-121.204379,36.495477,436.000000
-121.204483,36.495424,433.000000
-121.204483,36.495424,430.000000
-121.204594,36.495458,426.000000
-121.204698,36.495494,419.000000
-121.204820,36.495487,413.000000
-121.204934,36.495466,409.000000
-121.204988,36.495376,406.000000
-121.205019,36.495275,404.000000
-121.205022,36.495265,402.000000
-121.205083,36.495189,401.000000
-121.205146,36.495111,399.000000
-121.205161,36.495019,398.000000
-121.205233,36.494949,398.000000
-121.205336,36.494901,397.000000
-121.205455,36.494910,396.000000
-121.205568,36.494906,395.000000
-121.205693,36.494901,395.000000
-121.205813,36.494894,395.000000
-121.205936,36.494874,395.000000
-121.206040,36.494815,396.000000
-121.206135,36.494755,398.000000
-121.206247,36.494746,400.000000
-121.206368,36.494728,402.000000
-121.206454,36.494658,403.000000
-121.206533,36.494589,404.000000
-121.206576,36.494501,406.000000
-121.206617,36.494406,407.000000
-121.206649,36.494314,408.000000
-121.206708,36.494230,408.000000
-121.206777,36.494147,408.000000
-121.206847,36.494069,408.000000
-121.206908,36.493988,408.000000
-121.206971,36.493908,408.000000
-121.207003,36.493821,407.000000
-121.207067,36.493740,406.000000
-121.207143,36.493656,405.000000
-121.207222,36.493583,405.000000
-121.207324,36.493532,405.000000
-121.207430,36.493501,405.000000
-121.207516,36.493431,405.000000
-121.207599,36.493364,406.000000
-121.207664,36.493284,406.000000
-121.207729,36.493207,406.000000
-121.207809,36.493137,407.000000
-121.207899,36.493076,408.000000
-121.208011,36.493046,408.000000
-121.208126,36.493039,407.000000
-121.208245,36.493018,408.000000
-121.208368,36.492995,408.000000
-121.208476,36.492973,408.000000
-121.208602,36.492961,408.000000
-121.208747,36.492939,409.000000
-121.208838,36.492868,410.000000
-121.208938,36.492804,411.000000
-121.209041,36.492750,412.000000
-121.209137,36.492698,412.000000
-121.209228,36.492644,413.000000
-121.209314,36.492571,414.000000
-121.209333,36.492446,414.000000
-121.209294,36.492357,414.000000
-121.209212,36.492270,414.000000
-121.209179,36.492176,415.000000
-121.209109,36.492092,416.000000
-121.209065,36.492007,417.000000
-121.209040,36.491903,418.000000
-121.208987,36.491809,419.000000
-121.208949,36.491716,417.000000
-121.208882,36.491637,416.000000
-121.208825,36.491553,416.000000
-121.208759,36.491476,416.000000
-121.208687,36.491399,416.000000
-121.208641,36.491309,416.000000
-121.208566,36.491233,416.000000
-121.208451,36.491207,415.000000
-121.208347,36.491143,415.000000
-121.208260,36.491081,415.000000
-121.208204,36.490981,415.000000
-121.208147,36.490899,415.000000
-121.208070,36.490832,415.000000
-121.208023,36.490742,415.000000
-121.207965,36.490659,415.000000
-121.207874,36.490587,415.000000
-121.207762,36.490566,416.000000
-121.207650,36.490559,417.000000
-121.207538,36.490542,417.000000
-121.207431,36.490576,418.000000
-121.207361,36.490503,418.000000
-121.207283,36.490432,419.000000
-121.207182,36.490343,419.000000
-121.207019,36.490315,420.000000
-121.206744,36.490258,422.000000
-121.206645,36.490187,424.000000
-121.206606,36.490093,426.000000
-121.206569,36.490007,427.000000
-121.206521,36.489909,428.000000
-121.206477,36.489820,429.000000
-121.206397,36.489756,429.000000
-121.206251,36.489676,429.000000
-121.206185,36.489599,429.000000
-121.206063,36.489346,430.000000
-121.205984,36.489245,431.000000
-121.205913,36.489174,432.000000
-121.205833,36.489089,433.000000
-121.205780,36.489005,434.000000
-121.205649,36.488915,435.000000
-121.205539,36.488672,436.000000
-121.205530,36.488637,437.000000
-121.205487,36.488549,438.000000
-121.205403,36.488479,438.000000
-121.205281,36.488436,438.000000
-121.205187,36.488377,439.000000
-121.205061,36.488113,440.000000
-121.205016,36.487970,441.000000
-121.204937,36.487687,442.000000
-121.204908,36.487519,443.000000
-121.204900,36.487412,444.000000
-121.204890,36.487240,445.000000
-121.204883,36.487132,446.000000
-121.204899,36.487042,446.000000
-121.204857,36.486949,446.000000
-121.204867,36.486849,446.000000
-121.204852,36.486752,446.000000
-121.204848,36.486660,446.000000
-121.204850,36.486568,446.000000
-121.204877,36.486469,446.000000
-121.204877,36.486373,446.000000
-121.204782,36.486298,446.000000
-121.204746,36.486209,446.000000
-121.204743,36.486200,446.000000
-121.204832,36.486213,446.000000
-121.204789,36.486126,446.000000
-121.204780,36.486031,446.000000
-121.204774,36.485931,446.000000
-121.204804,36.485838,446.000000
-121.204757,36.485756,446.000000
-121.204735,36.485661,446.000000
-121.204718,36.485562,446.000000
-121.204799,36.485486,446.000000
-121.204861,36.485407,446.000000
-121.204860,36.485411,446.000000
-121.204806,36.485323,446.000000
-121.204705,36.485276,446.000000
-121.204596,36.485232,446.000000
-121.204579,36.485220,446.000000
-121.204502,36.485130,446.000000
-121.204456,36.485046,446.000000
-121.204526,36.484965,446.000000
-121.204547,36.484868,446.000000
-121.204500,36.484803,446.000000
-121.204398,36.484752,447.000000
-121.204305,36.484691,448.000000
-121.204176,36.484688,453.000000
-121.204090,36.484746,461.000000
-121.204019,36.484835,467.000000
-121.203937,36.484894,472.000000
-121.203825,36.484904,476.000000
-121.203707,36.484939,479.000000
-121.203598,36.484970,481.000000
-121.203479,36.484983,483.000000
-121.203367,36.484948,484.000000
-121.203259,36.484917,485.000000
-121.203162,36.484966,486.000000
-121.203049,36.484946,487.000000
-121.202932,36.484953,488.000000
-121.202824,36.484986,488.000000
-121.202720,36.484944,488.000000
-121.202689,36.484852,488.000000
-121.202695,36.484756,489.000000
-121.202776,36.484652,490.000000
-121.202795,36.484561,493.000000
-121.202739,36.484471,496.000000
-121.202642,36.484423,500.000000
-121.202530,36.484429,504.000000
-121.202410,36.484455,509.000000
-121.202500,36.484512,513.000000
-121.202695,36.484720,516.000000
-121.202749,36.484708,518.000000
-121.202759,36.484712,520.000000
-121.202846,36.484782,521.000000
-121.202879,36.484822,522.000000
-121.202844,36.484857,523.000000
-121.202823,36.484896,524.000000
-121.202788,36.484890,523.000000
-121.202755,36.484977,523.000000
-121.202801,36.485062,522.000000
-121.202779,36.485152,522.000000
-121.202889,36.485173,522.000000
-121.203009,36.485189,522.000000
-121.203095,36.485255,523.000000
-121.203100,36.485349,524.000000
-121.203055,36.485444,525.000000
-121.203080,36.485542,526.000000
-121.202965,36.485516,527.000000
-121.202870,36.485460,528.000000
-121.202761,36.485439,529.000000
-121.202653,36.485478,531.000000
-121.202716,36.485556,533.000000
-121.202761,36.485639,535.000000
-121.202779,36.485728,537.000000
-121.202677,36.485771,539.000000
-121.202622,36.485853,540.000000
-121.202604,36.485760,543.000000
-121.202501,36.485711,547.000000
-121.202415,36.485620,551.000000
-121.202386,36.485719,554.000000
-121.202317,36.485799,556.000000
-121.202254,36.485888,558.000000
-121.202214,36.485787,560.000000
-121.202156,36.485696,563.000000
-121.202139,36.485799,566.000000
-121.202075,36.485882,568.000000
-121.202010,36.485971,569.000000
-121.201984,36.486072,570.000000
-121.201973,36.486164,570.000000
-121.201921,36.486083,571.000000
-121.201847,36.486005,572.000000
-121.201769,36.485930,573.000000
-121.201659,36.485972,577.000000
-121.201666,36.485871,580.000000
-121.201629,36.485776,582.000000
-121.201573,36.485693,584.000000
-121.201528,36.485598,587.000000
-121.201490,36.485507,588.000000
-121.201569,36.485591,590.000000
-121.201470,36.485651,592.000000
-121.201350,36.485649,594.000000
-121.201242,36.485693,596.000000
-121.201154,36.485788,597.000000
-121.201081,36.485859,598.000000
-121.200990,36.485917,600.000000
-121.200882,36.485944,603.000000
-121.200920,36.485851,605.000000
-121.200951,36.485753,607.000000
-121.200979,36.485664,609.000000
-121.200971,36.485564,610.000000
-121.200971,36.485472,612.000000
-121.200945,36.485379,613.000000
-121.200968,36.485474,615.000000
-121.200848,36.485413,619.000000
-121.200732,36.485448,623.000000
-121.200586,36.485485,626.000000
-121.200450,36.485565,628.000000
-121.200298,36.485631,629.000000
-121.200165,36.485672,630.000000
-121.200042,36.485715,631.000000
-121.200289,36.485727,632.000000
-121.200357,36.485645,633.000000
-121.200397,36.485577,634.000000
-121.200451,36.485497,635.000000
-121.200455,36.485474,635.000000
-121.200438,36.485369,636.000000
-121.200472,36.485283,637.000000
-121.200450,36.485186,638.000000
-121.200315,36.485211,638.000000
-121.200312,36.485119,639.000000
-121.200272,36.485012,641.000000
-121.200273,36.484808,642.000000
-121.200239,36.484711,643.000000
-121.199910,36.484381,645.000000
-121.199723,36.484172,647.000000
-121.199668,36.484091,650.000000
-121.199614,36.483913,653.000000
-121.199569,36.483794,656.000000
-121.199535,36.483698,658.000000
-121.199535,36.483698,659.000000
-121.199522,36.483566,663.000000
-121.199490,36.483457,665.000000
-121.199441,36.483366,667.000000
-121.199438,36.483256,668.000000
-121.199445,36.483157,669.000000
-121.199474,36.483065,670.000000
-121.199500,36.482966,671.000000
-121.199509,36.482875,672.000000
-121.199607,36.482827,674.000000
-121.199714,36.482787,679.000000
-121.199784,36.482695,683.000000
-121.199833,36.482610,686.000000
-121.199876,36.482517,688.000000
-121.199936,36.482441,690.000000
-121.199982,36.482347,691.000000
-121.200023,36.482260,691.000000
-121.200064,36.482175,692.000000
-121.199988,36.482108,693.000000
-121.199930,36.482189,695.000000
-121.199884,36.482280,696.000000
-121.199848,36.482366,697.000000
-121.199753,36.482425,698.000000
-121.199618,36.482369,699.000000
-121.199574,36.482269,700.000000
-121.199536,36.482152,701.000000
-121.199529,36.482048,702.000000
-121.199546,36.481955,703.000000
-121.199524,36.481858,704.000000
-121.199519,36.481951,707.000000
-121.199530,36.482050,709.000000
-121.199533,36.482147,712.000000
-121.199475,36.482228,715.000000
-121.199552,36.482146,719.000000
-121.199479,36.482034,723.000000
-121.199401,36.481954,725.000000
-121.199364,36.481850,727.000000
-121.199308,36.481767,729.000000
-121.199294,36.481665,731.000000
-121.199310,36.481567,733.000000
-121.199216,36.481516,736.000000
-121.199213,36.481607,740.000000
-121.199247,36.481704,743.000000
-121.199248,36.481803,745.000000
-121.199238,36.481894,746.000000
-121.199268,36.481993,747.000000
-121.199219,36.482074,748.000000
-121.199137,36.482146,749.000000
-121.199013,36.482166,750.000000
-121.198899,36.482187,751.000000
-121.198777,36.482192,752.000000
-121.198681,36.482259,752.000000
-121.198593,36.482319,754.000000
-121.198495,36.482374,755.000000
-121.198420,36.482442,756.000000
-121.198394,36.482546,757.000000
-121.198301,36.482621,758.000000
-121.198239,36.482710,759.000000
-121.198211,36.482799,760.000000
-121.198169,36.482889,761.000000
-121.198059,36.482832,762.000000
-121.197956,36.482781,763.000000
-121.197923,36.482742,763.000000
-121.197868,36.482835,763.000000
-121.197860,36.482934,763.000000
-121.197861,36.483028,762.000000
-121.197859,36.483123,762.000000
-121.197759,36.483233,761.000000
-121.197812,36.483317,759.000000
-121.197852,36.483402,757.000000
-121.197915,36.483486,755.000000
-121.197788,36.483486,753.000000
-121.197680,36.483513,752.000000
-121.197657,36.483602,751.000000
-121.197693,36.483694,750.000000
-121.197748,36.483788,749.000000
-121.197780,36.483825,749.000000
-121.197872,36.483905,748.000000
-121.197960,36.483996,747.000000
-121.197955,36.484050,747.000000
-121.197989,36.484167,748.000000
-121.198163,36.484395,749.000000
-121.198201,36.484458,750.000000
-121.198288,36.484525,752.000000
-121.198411,36.484543,753.000000
-121.198451,36.484656,754.000000
-121.198455,36.484676,754.000000
-121.198454,36.484803,755.000000
-121.198376,36.485025,759.000000
-121.198296,36.485110,762.000000
-121.198211,36.485179,764.000000
-121.198220,36.485269,767.000000
-121.198233,36.485369,770.000000
-121.198239,36.485460,772.000000
-121.198252,36.485563,773.000000
-121.198146,36.485609,773.000000
-121.198140,36.485677,773.000000
-121.198186,36.485717,773.000000
-121.198207,36.485743,772.000000
-121.198171,36.485860,771.000000
-121.198104,36.485962,769.000000
-121.198057,36.486046,765.000000
-121.198114,36.486136,761.000000
-121.198208,36.486199,758.000000
-121.198082,36.486217,755.000000
-121.198132,36.486319,753.000000
-121.198169,36.486445,752.000000
-121.198181,36.486566,751.000000
-121.198212,36.486679,750.000000
-121.198286,36.486767,749.000000
-121.198398,36.486834,748.000000
-121.198460,36.486920,747.000000
-121.198367,36.486978,746.000000
-121.198315,36.487061,745.000000
-121.198348,36.487149,744.000000
-121.198389,36.487174,743.000000
-121.198518,36.487121,742.000000
-121.198629,36.487153,740.000000
-121.198727,36.487202,738.000000
-121.198827,36.487236,736.000000
-121.198905,36.487321,735.000000
-121.199030,36.487361,734.000000
-121.199102,36.487413,734.000000
-121.199125,36.487506,733.000000
-121.199053,36.487615,734.000000
-121.198935,36.487651,735.000000
-121.198888,36.487733,735.000000
-121.198867,36.487837,736.000000
-121.198827,36.487929,737.000000
-121.198787,36.488029,738.000000
-121.198797,36.488123,740.000000
-121.198814,36.488026,742.000000
-121.198721,36.487954,743.000000
-121.198614,36.487991,744.000000
-121.198597,36.488090,745.000000
-121.198571,36.488181,746.000000
-121.198523,36.488268,747.000000
-121.198461,36.488348,747.000000
-121.198340,36.488358,747.000000
-121.198217,36.488351,747.000000
-121.198155,36.488455,748.000000
-121.198112,36.488549,748.000000
-121.198095,36.488645,748.000000
-121.198119,36.488737,751.000000
-121.198085,36.488831,753.000000
-121.198027,36.488908,755.000000
-121.197982,36.489001,756.000000
-121.197959,36.489099,757.000000
-121.197999,36.489192,758.000000
-121.197901,36.489250,760.000000
-121.197800,36.489297,761.000000
-121.197700,36.489255,762.000000
-121.197640,36.489176,763.000000
-121.197715,36.489252,764.000000
-121.197759,36.489344,764.000000
-121.197829,36.489426,764.000000
-121.197883,36.489517,764.000000
-121.197927,36.489613,764.000000
-121.197999,36.489688,763.000000
-121.198107,36.489725,762.000000
-121.198000,36.489790,760.000000
-121.197900,36.489832,759.000000
-121.197791,36.489795,757.000000
-121.197745,36.489710,756.000000
-121.197676,36.489637,755.000000
-121.197569,36.489610,754.000000
-121.197456,36.489603,753.000000
-121.197335,36.489615,751.000000
-121.197215,36.489594,749.000000
-121.197107,36.489561,747.000000
-121.196990,36.489619,746.000000
-121.196896,36.489674,747.000000
-121.196769,36.489652,745.000000
-121.196664,36.489685,743.000000
-121.196574,36.489739,742.000000
-121.196503,36.489811,741.000000
-121.196405,36.489896,740.000000
-121.196310,36.489957,739.000000
-121.196221,36.490014,739.000000
-121.196172,36.490120,740.000000
-121.196116,36.490200,741.000000
-121.196071,36.490285,742.000000
-121.196004,36.490363,743.000000
-121.195916,36.490439,744.000000
-121.195810,36.490494,745.000000
-121.195695,36.490496,747.000000
-121.195583,36.490452,748.000000
-121.195471,36.490443,749.000000
-121.195377,36.490395,750.000000
-121.195263,36.490331,751.000000
-121.195153,36.490312,753.000000
-121.195041,36.490284,754.000000
-121.194917,36.490290,755.000000
-121.194810,36.490318,756.000000
-121.194698,36.490346,756.000000
-121.194575,36.490379,756.000000
-121.194465,36.490400,756.000000
-121.194353,36.490431,756.000000
-121.194249,36.490481,755.000000
-121.194124,36.490461,754.000000
-121.194017,36.490492,752.000000
-121.193908,36.490535,750.000000
-121.193788,36.490560,748.000000
-121.193672,36.490600,747.000000
-121.193560,36.490578,746.000000
-121.193440,36.490593,745.000000
-121.193387,36.490512,744.000000
-121.193294,36.490455,743.000000
-121.193235,36.490372,742.000000
-121.193207,36.490275,741.000000
-121.193154,36.490196,740.000000
-121.193055,36.490153,738.000000
-121.192953,36.490099,736.000000
-121.192835,36.490090,734.000000
-121.192718,36.490061,731.000000
-121.192618,36.490020,728.000000
-121.192512,36.489980,726.000000
-121.192401,36.489957,725.000000
-121.192287,36.489970,723.000000
-121.192174,36.489972,721.000000
-121.192063,36.489920,720.000000
-121.191977,36.489853,719.000000
-121.191889,36.489916,718.000000
-121.191773,36.489901,716.000000
-121.191701,36.489829,714.000000
-121.191572,36.489835,712.000000
-121.191464,36.489867,711.000000
-121.191351,36.489880,710.000000
-121.191227,36.489877,709.000000
-121.191102,36.489875,708.000000
-121.190982,36.489898,707.000000
-121.190866,36.489924,706.000000
-121.190755,36.489962,705.000000
-121.190655,36.490002,704.000000
-121.190547,36.490035,703.000000
-121.190432,36.490057,701.000000
-121.190318,36.490105,700.000000
-121.190241,36.490175,699.000000
-121.190197,36.490266,698.000000
-121.190177,36.490363,697.000000
-121.190133,36.490458,696.000000
-121.190068,36.490534,696.000000
-121.190003,36.490615,696.000000
-121.189943,36.490692,696.000000
-121.189877,36.490774,696.000000
-121.189784,36.490826,696.000000
-121.189677,36.490882,696.000000
-121.189560,36.490894,695.000000
-121.189435,36.490880,695.000000
-121.189324,36.490834,695.000000
-121.189206,36.490833,694.000000
-121.189090,36.490850,693.000000
-121.188989,36.490808,692.000000
-121.188889,36.490752,691.000000
-121.188763,36.490755,689.000000
-121.188649,36.490756,687.000000
-121.188534,36.490796,686.000000
-121.188440,36.490735,685.000000
-121.188347,36.490666,684.000000
-121.188288,36.490581,683.000000
-121.188166,36.490579,683.000000
-121.188143,36.490485,682.000000
-121.188105,36.490391,681.000000
-121.188052,36.490297,680.000000
-121.188038,36.490205,679.000000
-121.188011,36.490110,677.000000
-121.187951,36.490029,676.000000
-121.187886,36.489946,675.000000
-121.187781,36.489905,674.000000
-121.187705,36.489831,672.000000
-121.187631,36.489762,670.000000
-121.187544,36.489694,668.000000
-121.187500,36.489606,666.000000
-121.187382,36.489565,663.000000
-121.187270,36.489576,660.000000
-121.187164,36.489519,658.000000
-121.187049,36.489500,656.000000
-121.186932,36.489519,654.000000
-121.186819,36.489542,652.000000
-121.186699,36.489558,650.000000
-121.186573,36.489560,648.000000
-121.186456,36.489544,646.000000
-121.186332,36.489526,644.000000
-121.186219,36.489574,643.000000
-121.186109,36.489605,642.000000
-121.186000,36.489626,641.000000
-121.185897,36.489694,641.000000
-121.185787,36.489720,641.000000
-121.185665,36.489706,641.000000
-121.185542,36.489725,641.000000
-121.185447,36.489778,641.000000
-121.185337,36.489810,640.000000
-121.185223,36.489812,640.000000
-121.185134,36.489874,640.000000
-121.185023,36.489920,639.000000
-121.184922,36.489963,638.000000
-121.184843,36.490036,637.000000
-121.184736,36.490064,636.000000
-121.184618,36.490070,635.000000
-121.184510,36.490039,634.000000
-121.184396,36.489997,633.000000
-121.184277,36.489965,632.000000
-121.184180,36.489908,630.000000
-121.184048,36.489884,629.000000
-121.183937,36.489864,628.000000
-121.183833,36.489815,627.000000
-121.183721,36.489769,626.000000
-121.183621,36.489709,626.000000
-121.183504,36.489681,623.000000
-121.183388,36.489654,620.000000
-121.183249,36.489622,618.000000
-121.183119,36.489614,616.000000
-121.183012,36.489581,614.000000
-121.182888,36.489551,613.000000
-121.182766,36.489565,612.000000
-121.182649,36.489602,611.000000
-121.182532,36.489639,610.000000
-121.182437,36.489704,610.000000
-121.182349,36.489777,610.000000
-121.182272,36.489857,610.000000
-121.182186,36.489925,610.000000
-121.182076,36.489972,609.000000
-121.181983,36.490032,608.000000
-121.181873,36.490073,608.000000
-121.181797,36.490156,607.000000
-121.181717,36.490231,606.000000
-121.181661,36.490318,605.000000
-121.181582,36.490384,603.000000
-121.181521,36.490480,601.000000
-121.181479,36.490564,599.000000
-121.181433,36.490648,598.000000
-121.181407,36.490738,597.000000
-121.181352,36.490826,596.000000
-121.181297,36.490919,595.000000
-121.181247,36.491007,594.000000
-121.181178,36.491088,593.000000
-121.181157,36.491199,591.000000
-121.181100,36.491289,588.000000
-121.181071,36.491380,585.000000
-121.181179,36.491423,581.000000
-121.181294,36.491396,578.000000
-121.181414,36.491372,576.000000
-121.181529,36.491348,574.000000
-121.181543,36.491448,572.000000
-121.181493,36.491536,570.000000
-121.181471,36.491627,569.000000
-121.181447,36.491725,568.000000
-121.181397,36.491818,567.000000
-121.181312,36.491878,566.000000
-121.181266,36.491964,565.000000
-121.181222,36.492047,564.000000
-121.181148,36.492116,563.000000
-121.181110,36.492201,561.000000
-121.181065,36.492295,560.000000
-121.180976,36.492359,559.000000
-121.180856,36.492377,558.000000
-121.180772,36.492448,557.000000
-121.180779,36.492542,556.000000
-121.180866,36.492479,555.000000
-121.180885,36.492389,554.000000
-121.180844,36.492299,553.000000
-121.180765,36.492213,552.000000
-121.180677,36.492124,551.000000
-121.180621,36.492040,550.000000
-121.180616,36.492033,549.000000
-121.180570,36.491944,548.000000
-121.180505,36.491868,548.000000
-121.180399,36.491820,548.000000
-121.180276,36.491788,547.000000
-121.180186,36.491714,545.000000
-121.180156,36.491618,544.000000
-121.180123,36.491527,542.000000
-121.180084,36.491431,541.000000
-121.180075,36.491333,540.000000
-121.180096,36.491237,539.000000
-121.180148,36.491147,537.000000
-121.180103,36.491061,534.000000
-121.180034,36.490977,532.000000
-121.179928,36.490916,530.000000
-121.179835,36.490861,529.000000
-121.179731,36.490802,528.000000
-121.179719,36.490800,527.000000
-121.179619,36.490741,526.000000
-121.179553,36.490651,524.000000
-121.179565,36.490552,523.000000
-121.179600,36.490452,521.000000
-121.179552,36.490356,518.000000
-121.179443,36.490289,516.000000
-121.179315,36.490255,514.000000
-121.179206,36.490224,512.000000
-121.179106,36.490174,511.000000
-121.178983,36.490186,509.000000
-121.178956,36.490170,508.000000
-121.178868,36.490106,507.000000
-121.178741,36.490117,506.000000
-121.178651,36.490061,505.000000
-121.178583,36.489956,504.000000
-121.178499,36.489871,503.000000
-121.178417,36.489806,503.000000
-121.178304,36.489737,503.000000
-121.178208,36.489673,503.000000
-121.178233,36.489695,503.000000
-121.178289,36.489721,503.000000
-121.178354,36.489775,503.000000
-121.178676,36.489932,503.000000
-121.178701,36.490020,503.000000
-121.178738,36.490122,503.000000
-121.178818,36.490200,502.000000
-121.178921,36.490281,500.000000
-121.178982,36.490359,498.000000
-121.179030,36.490445,494.000000
-121.179088,36.490532,490.000000
-121.179164,36.490600,486.000000
-121.179191,36.490690,483.000000
-121.179159,36.490784,480.000000
-121.179155,36.490880,478.000000
-121.179149,36.490948,476.000000
-121.179168,36.491056,475.000000
-121.179186,36.491155,474.000000
-121.179178,36.491254,473.000000
-121.179137,36.491350,472.000000
-121.179063,36.491423,470.000000
-121.179050,36.491526,469.000000
-121.179005,36.491622,468.000000
-121.178949,36.491708,467.000000
-121.178882,36.491783,466.000000
-121.178834,36.491874,465.000000
-121.178811,36.491964,463.000000
-121.178865,36.492051,462.000000
-121.178822,36.492136,461.000000
-121.178814,36.492230,460.000000
-121.178816,36.492322,459.000000
-121.178833,36.492419,458.000000
-121.178899,36.492497,457.000000
-121.178892,36.492590,457.000000
-121.178876,36.492693,457.000000
-121.178792,36.492757,457.000000
-121.178789,36.492663,457.000000
-121.178848,36.492572,456.000000
-121.178757,36.492513,455.000000
-121.178657,36.492459,454.000000
-121.178581,36.492386,452.000000
-121.178578,36.492293,450.000000
-121.178537,36.492198,448.000000
-121.178428,36.492143,447.000000
-121.178327,36.492098,446.000000
-121.178250,36.492023,445.000000
-121.178211,36.491932,445.000000
-121.178170,36.491844,444.000000
-121.178117,36.491748,443.000000
-121.178143,36.491652,442.000000
-121.178167,36.491552,441.000000
-121.178194,36.491458,440.000000
-121.178156,36.491366,438.000000
-121.178050,36.491407,436.000000
-121.177991,36.491485,434.000000
-121.177899,36.491539,432.000000
-121.177783,36.491570,430.000000
-121.177727,36.491657,429.000000
-121.177724,36.491750,427.000000
-121.177702,36.491852,426.000000
-121.177705,36.491943,425.000000
-121.177704,36.492042,424.000000
-121.177698,36.492139,423.000000
-121.177638,36.492055,422.000000
-121.177661,36.491962,421.000000
-121.177599,36.491873,421.000000
-121.177477,36.491818,421.000000
-121.177383,36.491760,421.000000
-121.177329,36.491676,420.000000
-121.177389,36.491586,420.000000
-121.177369,36.491489,419.000000
-121.177317,36.491394,417.000000
-121.177193,36.491379,415.000000
-121.177073,36.491414,413.000000
-121.176987,36.491477,410.000000
-121.176888,36.491520,408.000000
-121.176789,36.491579,406.000000
-121.176674,36.491550,405.000000
-121.176592,36.491483,404.000000
-121.176547,36.491391,403.000000
-121.176429,36.491361,402.000000
-121.176301,36.491377,401.000000
-121.176178,36.491365,399.000000
-121.176076,36.491321,397.000000
-121.175963,36.491281,396.000000
-121.175856,36.491227,395.000000
-121.175741,36.491178,395.000000
-121.175675,36.491100,394.000000
-121.175656,36.491004,394.000000
-121.175651,36.490903,393.000000
-121.175593,36.490819,392.000000
-121.175631,36.490730,391.000000
-121.175653,36.490625,390.000000
-121.175586,36.490540,389.000000
-121.175468,36.490495,387.000000
-121.175366,36.490458,386.000000
-121.175246,36.490471,384.000000
-121.175132,36.490497,383.000000
-121.175018,36.490523,382.000000
-121.174928,36.490582,381.000000
-121.174831,36.490529,379.000000
-121.174792,36.490438,377.000000
-121.174709,36.490367,375.000000
-121.174611,36.490297,374.000000
-121.174507,36.490335,373.000000
-121.174541,36.490426,371.000000
-121.174587,36.490537,370.000000
-121.174627,36.490632,369.000000
-121.174514,36.490644,367.000000
-121.174439,36.490570,366.000000
-121.174324,36.490556,364.000000
-121.174203,36.490527,363.000000
-121.174087,36.490575,361.000000
-121.173973,36.490599,359.000000
-121.173867,36.490637,358.000000
-121.173769,36.490693,357.000000
-121.173688,36.490764,355.000000
-121.173599,36.490820,353.000000
-121.173483,36.490844,351.000000
-121.173465,36.490846,349.000000
-121.173333,36.490861,348.000000
-121.173238,36.490911,347.000000
-121.173219,36.490917,347.000000
-121.173115,36.490874,346.000000
-121.173038,36.490802,345.000000
-121.172931,36.490768,344.000000
-121.172828,36.490809,343.000000
-121.172732,36.490866,342.000000
-121.172620,36.490901,341.000000
-121.172504,36.490858,339.000000
-121.172427,36.490791,337.000000
-121.172359,36.490717,335.000000
-121.172290,36.490643,333.000000
-121.172202,36.490586,331.000000
-121.172073,36.490579,330.000000
-121.171955,36.490590,328.000000
-121.171948,36.490682,327.000000
-121.171954,36.490680,326.000000
-121.171973,36.490691,325.000000
-121.171932,36.490776,324.000000
-121.171939,36.490868,323.000000
-121.171937,36.490963,321.000000
-121.171956,36.491052,320.000000
-121.171988,36.491144,319.000000
-121.171986,36.491170,318.000000
-121.171981,36.491270,317.000000
-121.172019,36.491358,316.000000
-121.172056,36.491448,315.000000
-121.172072,36.491547,314.000000
-121.172118,36.491633,313.000000
-121.172138,36.491735,313.000000
-121.172188,36.491828,312.000000
-121.172234,36.491916,311.000000
-121.172297,36.492010,310.000000
-121.172344,36.492093,309.000000
-121.172399,36.492182,308.000000
-121.172431,36.492282,308.000000
-121.172475,36.492378,308.000000
-121.172562,36.492441,308.000000
-121.172643,36.492507,308.000000
-121.172705,36.492583,308.000000
-121.172754,36.492671,307.000000
-121.172833,36.492749,307.000000
-121.172921,36.492816,307.000000
-121.173032,36.492839,307.000000
-121.173158,36.492846,307.000000
-121.173259,36.492884,306.000000
-121.173360,36.492923,305.000000
-121.173424,36.493001,305.000000
-121.173500,36.493080,304.000000
-121.173611,36.493113,304.000000
-121.173692,36.493176,304.000000
-121.173789,36.493230,304.000000
-121.173892,36.493288,304.000000
-121.173923,36.493379,304.000000
-121.173921,36.493469,304.000000
-121.174017,36.493521,304.000000
-121.174120,36.493569,304.000000
-121.174160,36.493665,305.000000
-121.174197,36.493764,306.000000
-121.174260,36.493838,307.000000
-121.174353,36.493892,308.000000
-121.174416,36.493969,309.000000
-121.174417,36.494065,309.000000
-121.174441,36.494162,309.000000
-121.174496,36.494252,309.000000
-121.174549,36.494340,308.000000
-121.174525,36.494437,308.000000
-121.174539,36.494532,308.000000
-121.174534,36.494629,309.000000
-121.174530,36.494730,310.000000
-121.174540,36.494820,311.000000
-121.174541,36.494918,312.000000
-121.174512,36.495009,312.000000
-121.174437,36.495078,312.000000
-121.174427,36.495191,312.000000
-121.174472,36.495276,312.000000
-121.174502,36.495387,312.000000
-121.174507,36.495486,313.000000
-121.174504,36.495592,313.000000
-121.174536,36.495686,314.000000
-121.174593,36.495774,314.000000
-121.174646,36.495863,312.000000
-121.174671,36.495952,310.000000
-121.174686,36.496050,308.000000
-121.174740,36.496131,307.000000
-121.174772,36.496225,306.000000
-121.174803,36.496316,305.000000
-121.174881,36.496383,304.000000
-121.174959,36.496459,304.000000
-121.174911,36.496546,304.000000
-121.174837,36.496625,304.000000
-121.174832,36.496717,305.000000
-121.174827,36.496817,305.000000
-121.174796,36.496907,306.000000
-121.174772,36.497008,306.000000
-121.174703,36.497080,306.000000
-121.174585,36.497100,306.000000
-121.174474,36.497118,306.000000
-121.174369,36.497072,306.000000
-121.174240,36.497073,306.000000
-121.174121,36.497081,306.000000
-121.174012,36.497042,306.000000
-121.173926,36.496985,306.000000
-121.173821,36.496926,306.000000
-121.173730,36.496870,306.000000
-121.173619,36.496830,306.000000
-121.173568,36.496732,306.000000
-121.173547,36.496636,306.000000
-121.173526,36.496540,307.000000
-121.173503,36.496449,308.000000
-121.173441,36.496369,309.000000
-121.173347,36.496317,310.000000
-121.173249,36.496260,310.000000
-121.173232,36.496170,310.000000
-121.173208,36.496073,311.000000
-121.173205,36.496066,311.000000
-121.173202,36.495975,312.000000
-121.173142,36.495889,313.000000
-121.173133,36.495789,314.000000
-121.173091,36.495687,315.000000
-121.173067,36.495593,316.000000
-121.173083,36.495495,317.000000
-121.173096,36.495398,317.000000
-121.173098,36.495304,318.000000
-121.173065,36.495216,319.000000
-121.173040,36.495125,320.000000
-121.173055,36.495027,321.000000
-121.173021,36.494940,322.000000
-121.172951,36.494864,322.000000
-121.172919,36.494953,321.000000
-121.172871,36.494863,320.000000</coordinates>
</LineString>
</Placemark>
</Document>
</kml>
